(77644.0, 86572.0): 0
(77644.0, 86573.0): 0
(77644.0, 86574.0): 0
(77644.0, 86575.0): 0
(77644.0, 86576.0): 0
(77644.0, 86577.0): 0
(77644.0, 86578.0): 0
(77644.0, 86579.0): 0
(77644.0, 86580.0): 0
(77644.0, 86581.0): 0
(77644.0, 86582.0): 0.023576563267393318
(77644.0, 86583.0): 0.023541487527765265
(77644.0, 86584.0): 0.023976117576559403
(77644.0, 86585.0): 0.0239623925547953
(77644.0, 86586.0): 0.02401424258959446
(77644.0, 86587.0): 0.024032542571056796
(77644.0, 86588.0): 0.024082867437028005
(77644.0, 86589.0): 0.02428416567829375
(77644.0, 86590.0): 0.02435126465543002
(77644.0, 86591.0): 0.02384801702276641
(77645.0, 86591.0): 0.024607458727406183
(77645.0, 86592.0): 0.024403113714854166
(77645.0, 86593.0): 0.023356957684535093
(77645.0, 86594.0): 0.022438860187492433
(77645.0, 86595.0): 0.022014875389683906
(77645.0, 86596.0): 0.02214451187653133
(77645.0, 86597.0): 0.02209723277322082
(77645.0, 86598.0): 0.022367179866986744
(77645.0, 86599.0): 0.022464787055174823
(77645.0, 86600.0): 0.02260204643880238
(77645.0, 86601.0): 0.023158700708534492
(77645.0, 86602.0): 0.022586795438146404
(77645.0, 86603.0): 0.022742355150520973
(77645.0, 86604.0): 0.022847586096883896
(77645.0, 86605.0): 0.023141925034483604
(77645.0, 86606.0): 0.023658914775723558
(77645.0, 86607.0): 0.023773291337934536
(77645.0, 86608.0): 0.023750416075166193
(77645.0, 86609.0): 0.02397459257458724
(77645.0, 86610.0): 0.024817901442495086
(77646.0, 86610.0): 0.024151492057588188
(77646.0, 86611.0): 0.0242170664824459
(77646.0, 86612.0): 0.025238780258249792
(77646.0, 86613.0): 0.02623604408632356
(77646.0, 86614.0): 0.026553205834442387
(77646.0, 86615.0): 0.026565404256917353
(77646.0, 86616.0): 0.02635650518322315
(77646.0, 86617.0): 0.026316859843220963
(77646.0, 86618.0): 0.026028666238647198
(77646.0, 86619.0): 0.025774015379151038
(77646.0, 86620.0): 0.026028666238647198
(77646.0, 86621.0): 0.02726375064484425
(77646.0, 86622.0): 0.027184463734461484
(77646.0, 86623.0): 0.02720276074416041
(77646.0, 86624.0): 0.027085354615843094
(77646.0, 86625.0): 0.02628331372166067
(77646.0, 86626.0): 0.025437017191002192
(77646.0, 86627.0): 0.025206757182563436
(77646.0, 86628.0): 0.024665406939701748
(77646.0, 86629.0): 0.02443513806836838
(77646.0, 86630.0): 0.02423384130187909
(77646.0, 86631.0): 0.024076767459766956
(77646.0, 86632.0): 0.02395781754553376
(77646.0, 86633.0): 0.023607063863386527
(77646.0, 86634.0): 0.023507936766080217
(77647.0, 86634.0): 0.02364823959828171
(77647.0, 86635.0): 0.02384039196507562
(77647.0, 86636.0): 0.023791591530233358
(77647.0, 86637.0): 0.023843441988484714
(77647.0, 86638.0): 0.02436956433842968
(77647.0, 86639.0): 0.024473262233375728
(77647.0, 86640.0): 0.024464112440259173
(77647.0, 86641.0): 0.024669981791515704
(77647.0, 86642.0): 0.024866699439900046
(77647.0, 86643.0): 0.024743179279940266
(77647.0, 86644.0): 0.025164059667890145
(77647.0, 86645.0): 0.025873131382385516
(77647.0, 86646.0): 0.025934125593309997
(77647.0, 86647.0): 0.02611710706622505
(77647.0, 86648.0): 0.026172001167542744
(77647.0, 86649.0): 0.025363822247864588
(77647.0, 86650.0): 0.02508476404013888
(77647.0, 86651.0): 0.025156435102036915
(77647.0, 86652.0): 0.025299776449604714
(77647.0, 86653.0): 0.025322649972841817
(77647.0, 86654.0): 0.025106112894075314
(77647.0, 86655.0): 0.024959720294146136
(77647.0, 86656.0): 0.0248712742460874
(77647.0, 86657.0): 0.024886523592523895
(77647.0, 86658.0): 0.024506811439726033
(77648.0, 86658.0): 0.024368039365469725
(77648.0, 86659.0): 0.024134717171325787
(77648.0, 86660.0): 0.02415301704657442
(77648.0, 86661.0): 0.02401881758646871
(77648.0, 86662.0): 0.023869367169542008
(77648.0, 86663.0): 0.023834291916926556
(77648.0, 86664.0): 0.023797691590791693
(77648.0, 86665.0): 0.02376566625310888
(77648.0, 86666.0): 0.023782441436075493
(77648.0, 86667.0): 0.023754991129709493
(77648.0, 86668.0): 0.02454646043063166
(77648.0, 86669.0): 0.024961245222588028
(77648.0, 86670.0): 0.025014617644851658
(77648.0, 86671.0): 0.024987168988328895
(77648.0, 86672.0): 0.02502224226497449
(77648.0, 86673.0): 0.02507713944390363
(77648.0, 86674.0): 0.02516558458070965
(77648.0, 86675.0): 0.025171684230816983
(77648.0, 86676.0): 0.025162534754953583
(77648.0, 86677.0): 0.025093913551770416
(77648.0, 86678.0): 0.025016142569108977
(77648.0, 86679.0): 0.025092388633456943
(77648.0, 86680.0): 0.024552560268538172
(77648.0, 86681.0): 0.024230791335723777
(77648.0, 86682.0): 0.02418351680269361
(77649.0, 86683.0): 0.024072192475645064
(77649.0, 86684.0): 0.023910542391128903
(77649.0, 86685.0): 0.023905967370510088
(77649.0, 86686.0): 0.02413929214165416
(77649.0, 86687.0): 0.024278065760427098
(77649.0, 86688.0): 0.02412709221853305
(77649.0, 86689.0): 0.023942567507418418
(77649.0, 86690.0): 0.023931892474109862
(77649.0, 86691.0): 0.02387851722578428
(77649.0, 86692.0): 0.023628414254446343
(77649.0, 86693.0): 0.023518612014179888
(77649.0, 86694.0): 0.02367111497191004
(77649.0, 86695.0): 0.023820566802105262
(77649.0, 86696.0): 0.02398831758832068
(77649.0, 86697.0): 0.024154542035448288
(77649.0, 86698.0): 0.023904442363414713
(77649.0, 86699.0): 0.02323342855260817
(77649.0, 86700.0): 0.023736690905570464
(77649.0, 86701.0): 0.024073717470464356
(77649.0, 86702.0): 0.024285690657478005
(77649.0, 86703.0): 0.024381764118027484
(77649.0, 86704.0): 0.02452663594482001
(77649.0, 86705.0): 0.024601358905963225
(77649.0, 86706.0): 0.024413788504924774
(77649.0, 86707.0): 0.02416826693025565
(77650.0, 86707.0): 0.024258241014882668
(77650.0, 86708.0): 0.02444886277596117
(77650.0, 86709.0): 0.024512911289500058
(77650.0, 86710.0): 0.02456933481335681
(77650.0, 86711.0): 0.024939896213838405
(77650.0, 86712.0): 0.025039016419000498
(77650.0, 86713.0): 0.02479350239944578
(77650.0, 86714.0): 0.02472183003984253
(77650.0, 86715.0): 0.02455561018680615
(77650.0, 86716.0): 0.024374139256629304
(77650.0, 86717.0): 0.024987168988328895
(77650.0, 86718.0): 0.02593717529879353
(77650.0, 86719.0): 0.025659650130752543
(77650.0, 86720.0): 0.02535009816574007
(77650.0, 86721.0): 0.025229630813333934
(77650.0, 86722.0): 0.02491702225065961
(77650.0, 86723.0): 0.024104217343322142
(77650.0, 86724.0): 0.023994417591523206
(77650.0, 86725.0): 0.02395019252786884
(77650.0, 86726.0): 0.023951717531624693
(77650.0, 86727.0): 0.023890717294552808
(77650.0, 86728.0): 0.023756516147669576
(77650.0, 86729.0): 0.023565888048427536
(77650.0, 86730.0): 0.023556737856466697
(77650.0, 86731.0): 0.023515561943841242
(77651.0, 86731.0): 0.023492686402356553
(77651.0, 86732.0): 0.02355978792089209
(77651.0, 86733.0): 0.02350946180185118
(77651.0, 86734.0): 0.023459135563702358
(77651.0, 86735.0): 0.023507936766080217
(77651.0, 86736.0): 0.023213602823317234
(77651.0, 86737.0): 0.022946716235635493
(77651.0, 86738.0): 0.023105323518619936
(77651.0, 86739.0): 0.023356957684535093
(77651.0, 86740.0): 0.023396608859859586
(77651.0, 86741.0): 0.023777866387502802
(77651.0, 86742.0): 0.024561710021971283
(77651.0, 86743.0): 0.024561710021971283
(77651.0, 86744.0): 0.024558660104617207
(77651.0, 86745.0): 0.02462423322692903
(77651.0, 86746.0): 0.024133192180991764
(77651.0, 86747.0): 0.02366348985011919
(77651.0, 86748.0): 0.023857167088334068
(77651.0, 86749.0): 0.023942567507418418
(77651.0, 86750.0): 0.02381446674819199
(77651.0, 86751.0): 0.023803791649578628
(77651.0, 86752.0): 0.02377939140380433
(77651.0, 86753.0): 0.023614689005522865
(77651.0, 86754.0): 0.023716865644808873
(77651.0, 86755.0): 0.02394561751593279
(77652.0, 86755.0): 0.02393646748905311
(77652.0, 86756.0): 0.023989842589288723
(77652.0, 86757.0): 0.023928842463591008
(77652.0, 86758.0): 0.023826666854245438
(77652.0, 86759.0): 0.023741265963096485
(77652.0, 86760.0): 0.02362078911725445
(77652.0, 86761.0): 0.023722965727029994
(77652.0, 86762.0): 0.023899867341461357
(77652.0, 86763.0): 0.024093542392921177
(77652.0, 86764.0): 0.024163691966331505
(77652.0, 86765.0): 0.024770628269771004
(77652.0, 86766.0): 0.02546294033469723
(77652.0, 86767.0): 0.02549496299435212
(77652.0, 86768.0): 0.025514786519362474
(77652.0, 86769.0): 0.02577706510989031
(77652.0, 86770.0): 0.025931075887343943
(77652.0, 86771.0): 0.02614760380863711
(77652.0, 86772.0): 0.026473915895852698
(77652.0, 86773.0): 0.026476965515038486
(77652.0, 86774.0): 0.026455618170396607
(77652.0, 86775.0): 0.026559305046668116
(77652.0, 86776.0): 0.02639767525627981
(77652.0, 86777.0): 0.026377852639676277
(77652.0, 86778.0): 0.026438845239829076
(77653.0, 86779.0): 0.026361079640200787
(77653.0, 86780.0): 0.026492213603577366
(77653.0, 86781.0): 0.026379377457074422
(77653.0, 86782.0): 0.0261506534802036
(77653.0, 86783.0): 0.025873131382385516
(77653.0, 86784.0): 0.025789264028050787
(77653.0, 86785.0): 0.025932600740387283
(77653.0, 86786.0): 0.025636777000412003
(77653.0, 86787.0): 0.02539127038343862
(77653.0, 86788.0): 0.02526775347259295
(77653.0, 86789.0): 0.024903297860232647
(77653.0, 86790.0): 0.024723354986311542
(77653.0, 86791.0): 0.024313140263468487
(77653.0, 86792.0): 0.02404931753992121
(77653.0, 86793.0): 0.023829716879650475
(77653.0, 86794.0): 0.022551718096768206
(77653.0, 86795.0): 0.02204690329661342
(77653.0, 86796.0): 0.022136886221398748
(77653.0, 86797.0): 0.02205147870819769
(77653.0, 86798.0): 0.022095707639209795
(77653.0, 86799.0): 0.02225127077751984
(77653.0, 86800.0): 0.022089607102137705
(77653.0, 86801.0): 0.02206367980124073
(77653.0, 86802.0): 0.022101808174636965
(77653.0, 86803.0): 0.02201029997071918
(77654.0, 86803.0): 0.022095707639209795
(77654.0, 86804.0): 0.021754075043264175
(77654.0, 86805.0): 0.021866936377247053
(77654.0, 86806.0): 0.02205605411885854
(77654.0, 86807.0): 0.022200941644396163
(77654.0, 86808.0): 0.022318376112927456
(77654.0, 86809.0): 0.022307700277544522
(77654.0, 86810.0): 0.022742355150520973
(77654.0, 86811.0): 0.02279725831597024
(77654.0, 86812.0): 0.023021444811387796
(77654.0, 86813.0): 0.024076767459766956
(77654.0, 86814.0): 0.024462587474341387
(77654.0, 86815.0): 0.024387864005104436
(77654.0, 86816.0): 0.024413788504924774
(77654.0, 86817.0): 0.024244516179871087
(77654.0, 86818.0): 0.02418046682910582
(77654.0, 86819.0): 0.023843441988484714
(77654.0, 86820.0): 0.022855211508142247
(77654.0, 86821.0): 0.02315565058694921
(77654.0, 86822.0): 0.023591813570877727
(77654.0, 86823.0): 0.023488111291107863
(77654.0, 86824.0): 0.023449985325807558
(77654.0, 86825.0): 0.02370009040959938
(77654.0, 86826.0): 0.0234377850025053
(77654.0, 86827.0): 0.023033645370785696
(77654.0, 86828.0): 0.023122099221082715
(77655.0, 86828.0): 0.023388983639546404
(77655.0, 86829.0): 0.023337132069318374
(77655.0, 86830.0): 0.023360007777554224
(77655.0, 86831.0): 0.02240225749940699
(77655.0, 86832.0): 0.02278658271122162
(77655.0, 86833.0): 0.02323952877333098
(77655.0, 86834.0): 0.02337830832653796
(77655.0, 86835.0): 0.02258374523675392
(77655.0, 86836.0): 0.023462185642127584
(77655.0, 86837.0): 0.023625364199899315
(77655.0, 86838.0): 0.02363146430855367
(77655.0, 86839.0): 0.025807562390895468
(77656.0, 86839.0): 0.026307710906849566
(77656.0, 86840.0): 0.02500241824660468
(77656.0, 86841.0): 0.025516311405071143
(77656.0, 86842.0): 0.024589159257584474
(77657.0, 86842.0): 0.024718780146559496
(77657.0, 86843.0): 0.024113367296435498
(77657.0, 86844.0): 0.023960867551819583
(77658.0, 86844.0): 0.023933417479202287
(77658.0, 86845.0): 0.022559343610488097
(77659.0, 86846.0): 0.02269202712838516
(77659.0, 86847.0): 0.02264322408802634
(77660.0, 86847.0): 0.02277895727607768
(77660.0, 86848.0): 0.022188740625476513
(77661.0, 86848.0): 0.021596983345534792
(77662.0, 86848.0): 0.021217213590390048
(77662.0, 86849.0): 0.021636637661391716
(77663.0, 86849.0): 0.020216666660750036
(77663.0, 86850.0): 0.019243534911497277
(77664.0, 86850.0): 0.018769157986332236
(77665.0, 86850.0): 0.01669461583269737
(77666.0, 86850.0): 0.01503487777398534
(77666.0, 86851.0): 0.015112679917376262
(77667.0, 86851.0): 0.013526091554152625
(77668.0, 86851.0): 0.0137610331655781
(77669.0, 86851.0): 0.012358989845732657
(77670.0, 86851.0): 0.012095052259098365
(77671.0, 86851.0): 0.01130017816670136
(77672.0, 86851.0): 0.01020624960253228
(77673.0, 86851.0): 0.010319152749337665
(77674.0, 86851.0): 0.009037534700671666
(77675.0, 86851.0): 0.008003063996066168
(77676.0, 86851.0): 0.007816918417276419
(77677.0, 86851.0): 0.007285942849936721
(77678.0, 86851.0): 0.006884656848801955
(77679.0, 86851.0): 0.006141585378192967
(77679.0, 86850.0): 0.006158369411335889
(77680.0, 86850.0): 0.006365880804232878
(77681.0, 86850.0): 0.006849563288927883
(77682.0, 86850.0): 0.006962472942689333
(77683.0, 86850.0): 0.007174559512833185
(77684.0, 86850.0): 0.007470564146174231
(77685.0, 86850.0): 0.007775722190929139
(77686.0, 86850.0): 0.0078092894884690175
(77687.0, 86850.0): 0.0078031863447685515
(77688.0, 86850.0): 0.008289910191011537
(77689.0, 86850.0): 0.009028380174232225
(77690.0, 86850.0): 0.010007905608187782
(77691.0, 86850.0): 0.009956030894510682
(77692.0, 86850.0): 0.010682271882773582
(77693.0, 86850.0): 0.012214053231524932
(77694.0, 86850.0): 0.013019589008281261
(77695.0, 86850.0): 0.013632883382389426
(77695.0, 86851.0): 0.015068439505279441
(77696.0, 86851.0): 0.015044030976791654
(77697.0, 86851.0): 0.016131718198556518
(77698.0, 86851.0): 0.016699192193350906
(77699.0, 86851.0): 0.016479526096440097
(77699.0, 86852.0): 0.0174420786624107
(77700.0, 86852.0): 0.017373434916973334
(77701.0, 86852.0): 0.018673061303143904
(77701.0, 86853.0): 0.01880424081612181
(77702.0, 86853.0): 0.01945555267837364
(77703.0, 86853.0): 0.02059645230666551
(77703.0, 86854.0): 0.020495786806139695
(77704.0, 86854.0): 0.02125686855170846
(77704.0, 86855.0): 0.021694593846727506
(77705.0, 86855.0): 0.020718470535271725
(77705.0, 86856.0): 0.02158935750777044
(77706.0, 86856.0): 0.0216305370018403
(77706.0, 86857.0): 0.020729147100970777
(77707.0, 86857.0): 0.020485110137740823
(77707.0, 86858.0): 0.020155656371814688
(77708.0, 86858.0): 0.018860678314694675
(77708.0, 86859.0): 0.018764581961646865
(77708.0, 86860.0): 0.018308500923480464
(77708.0, 86861.0): 0.01754885749499321
(77709.0, 86861.0): 0.01719038413037515
(77709.0, 86862.0): 0.01577170240467755
(77709.0, 86863.0): 0.016082902740705576
(77709.0, 86864.0): 0.014883849565076183
(77709.0, 86865.0): 0.014285832278498188
(77709.0, 86866.0): 0.013468118718032754
(77709.0, 86867.0): 0.01259546425665866
(77709.0, 86868.0): 0.01284719353255947
(77709.0, 86869.0): 0.01171821360239413
(77709.0, 86870.0): 0.011063696508455196
(77708.0, 86870.0): 0.01163430170376761
(77708.0, 86871.0): 0.01090349855138393
(77708.0, 86872.0): 0.011022502801975283
(77708.0, 86873.0): 0.010612089409773706
(77707.0, 86873.0): 0.0103817070824616
(77707.0, 86874.0): 0.01073872292602698
(77707.0, 86875.0): 0.010277958388267788
(77706.0, 86875.0): 0.010355769929779114
(77706.0, 86876.0): 0.01001400851214337
(77706.0, 86877.0): 0.00963867854869219
(77705.0, 86877.0): 0.009861435690642179
(77705.0, 86878.0): 0.00951967091502377
(77705.0, 86879.0): 0.00903600894637025
(77704.0, 86879.0): 0.008567600421028302
(77704.0, 86880.0): 0.008524878932112933
(77704.0, 86881.0): 0.00839061119365752
(77703.0, 86881.0): 0.007937455371087958
(77703.0, 86882.0): 0.007528544283478174
(77702.0, 86882.0): 0.0073179845984809476
(77702.0, 86883.0): 0.006610011151444927
(77701.0, 86883.0): 0.0059005052522590916
(77701.0, 86884.0): 0.005641114478138466
(77700.0, 86885.0): 0.004365511818374535
(77699.0, 86886.0): 0.003845195892549649
(77698.0, 86887.0): 0.0027465751248058686
(77697.0, 86887.0): 0.001654051225941784
(77697.0, 86888.0): 0.000988769209021673
(77696.0, 86888.0): -7.62939453110197e-06
(77696.0, 86889.0): -0.0004577636399005809
(77695.0, 86889.0): -0.001200866121970301
(77695.0, 86890.0): -0.0017974834157023368
(77694.0, 86890.0): -0.0020675629718128453
(77694.0, 86891.0): -0.002310176554314543
(77693.0, 86891.0): -0.002476496402018764
(77692.0, 86891.0): -0.002947989506871374
(77692.0, 86892.0): -0.003465257125749914
(77691.0, 86892.0): -0.0035095070758590363
(77691.0, 86893.0): -0.003936747240790449
(77690.0, 86893.0): -0.004193090659882538
(77689.0, 86893.0): -0.00424039206489558
(77689.0, 86894.0): -0.004470795407637553
(77688.0, 86894.0): -0.004980427570322595
(77687.0, 86894.0): -0.004850730997371527
(77687.0, 86895.0): -0.005325267043434542
(77686.0, 86895.0): -0.005322215372114821
(77686.0, 86896.0): -0.005264233598270323
(77685.0, 86896.0): -0.005140640752165727
(77684.0, 86896.0): -0.005439704645824967
(77684.0, 86897.0): -0.005766232477874298
(77683.0, 86897.0): -0.005534306289691381
(77682.0, 86897.0): -0.00579064572518786
(77682.0, 86898.0): -0.006053087691893649
(77681.0, 86898.0): -0.006127852984865494
(77680.0, 86898.0): -0.006397922956191666
(77679.0, 86898.0): -0.006411655303013249
(77679.0, 86899.0): -0.006581020713372912
(77678.0, 86899.0): -0.006567288396737948
(77677.0, 86899.0): -0.006422336015536223
(77677.0, 86900.0): -0.0066481564477618525
(77676.0, 86900.0): -0.006765643838371779
(77675.0, 86900.0): -0.006526091431992321
(77674.0, 86900.0): -0.005906608555166915
(77674.0, 86901.0): -0.005479376314881899
(77673.0, 86901.0): -0.00450283821958673
(77672.0, 86901.0): -0.0031066794584250794
(77671.0, 86901.0): -0.0029266273864934416
(77671.0, 86902.0): -0.0015624987284361075
(77670.0, 86902.0): 0.00039825437347599846
(77669.0, 86902.0): 0.0020004245777241404
(77668.0, 86902.0): 0.0036575154288217117
(77668.0, 86903.0): 0.004397554660242026
(77667.0, 86903.0): 0.005949331663174783
(77666.0, 86903.0): 0.00757584383170075
(77665.0, 86903.0): 0.009425074911121298
(77664.0, 86903.0): 0.011004194475967694
(77664.0, 86904.0): 0.012953987280748874
(77663.0, 86904.0): 0.014232437374671954
(77662.0, 86904.0): 0.0157183098814445
(77661.0, 86904.0): 0.01747106152783095
(77660.0, 86904.0): 0.018886609017015263
(77660.0, 86905.0): 0.02021361614987443
(77659.0, 86905.0): 0.021319401239423743
(77658.0, 86905.0): 0.022200941644396163
(77657.0, 86905.0): 0.022920789935133495
(77656.0, 86905.0): 0.023337132069318374
(77655.0, 86906.0): 0.024381764118027484
(77654.0, 86906.0): 0.02443513806836838
(77653.0, 86906.0): 0.02412556722763775
(77652.0, 86906.0): 0.02402796757720007
(77651.0, 86906.0): 0.023758041165519134
(77650.0, 86906.0): 0.024581534473629953
(77649.0, 86906.0): 0.024575434644407968
(77648.0, 86906.0): 0.024386339033505358
(77647.0, 86906.0): 0.02309007286872999
(77646.0, 86906.0): 0.022713378424559928
(77645.0, 86906.0): 0.022449535960194156
(77644.0, 86906.0): 0.022394631931829157
(77643.0, 86906.0): 0.021519199682618027
(77642.0, 86906.0): 0.02095182867596695
(77641.0, 86906.0): 0.021063168685531642
(77640.0, 86906.0): 0.020558321484263016
(77639.0, 86906.0): 0.019605031780245905
(77638.0, 86906.0): 0.019559272964260247
(77638.0, 86905.0): 0.019057445948667026
(77637.0, 86905.0): 0.018334432158440203
(77636.0, 86905.0): 0.018442732931601088
(77635.0, 86905.0): 0.01748631565573829
(77635.0, 86904.0): 0.017451231149395938
(77634.0, 86904.0): 0.016894449593772974
(77633.0, 86904.0): 0.01634986133302256
(77633.0, 86903.0): 0.01597306768062088
(77632.0, 86903.0): 0.015404054938591502
(77631.0, 86903.0): 0.01489452834971206
(77631.0, 86902.0): 0.01516759896730889
(77630.0, 86902.0): 0.01498758618605009
(77629.0, 86902.0): 0.014258372052400162
(77629.0, 86901.0): 0.013786968185888166
(77628.0, 86901.0): 0.014763331617982059
(77628.0, 86900.0): 0.014343803796119988
(77627.0, 86900.0): 0.014313292483049902
(77627.0, 86899.0): 0.013896810418798063
(77626.0, 86899.0): 0.014749601697995593
(77626.0, 86898.0): 0.01481367461026864
(77625.0, 86898.0): 0.014365161699381013
(77625.0, 86897.0): 0.01511573097810071
(77624.0, 86897.0): 0.014745025056764
(77624.0, 86896.0): 0.014981484040783309
(77623.0, 86896.0): 0.015446769382730022
(77623.0, 86895.0): 0.01603256171951244
(77623.0, 86894.0): 0.015608473552160336
(77622.0, 86894.0): 0.016262909359893624
(77622.0, 86893.0): 0.017057671588942985
(77621.0, 86893.0): 0.0168288554537825
(77621.0, 86892.0): 0.016712921271113578
(77621.0, 86891.0): 0.017231570658248072
(77620.0, 86891.0): 0.01761292460259575
(77620.0, 86890.0): 0.017617500819040326
(77620.0, 86889.0): 0.016339183033824246
(77619.0, 86889.0): 0.016693090378990767
(77619.0, 86888.0): 0.01604171463850878
(77619.0, 86887.0): 0.016200364806018625
(77619.0, 86886.0): 0.015501687870913484
(77618.0, 86886.0): 0.014551280013782765
(77618.0, 86885.0): 0.014397198529691745
(77618.0, 86884.0): 0.01336285202127197
(77618.0, 86883.0): 0.012763283953270244
(77618.0, 86882.0): 0.012433746423088102
(77617.0, 86882.0): 0.010885190177642565
(77617.0, 86881.0): 0.009234356650185075
(77617.0, 86880.0): 0.008556920051725366
(77617.0, 86879.0): 0.00665425969338002
(77617.0, 86878.0): 0.00460354413949545
(77617.0, 86877.0): 0.0032485847635916024
(77616.0, 86877.0): 0.0023284870026912853
(77616.0, 86876.0): 0.000630187904857635
(77616.0, 86875.0): -0.0013992300438721524
(77616.0, 86874.0): -0.003315722712190411
(77616.0, 86873.0): -0.004711879191448514
(77616.0, 86872.0): -0.006683250103288542
(77616.0, 86871.0): -0.00871559962194061
(77616.0, 86870.0): -0.010473249862393398
(77616.0, 86869.0): -0.012331528211149129
(77616.0, 86868.0): -0.01403563831638769
(77615.0, 86868.0): -0.015719835383353538
(77615.0, 86867.0): -0.017446654906268722
(77615.0, 86866.0): -0.019197775453562802
(77615.0, 86865.0): -0.020530867255104574
(77615.0, 86864.0): -0.021956920014744502
(77615.0, 86863.0): -0.02321207776646174
(77615.0, 86862.0): -0.024459537542164417
(77615.0, 86861.0): -0.024477837128397142
(77615.0, 86860.0): -0.02480112710357178
(77615.0, 86859.0): -0.026036290463982436
(77615.0, 86858.0): -0.027917854481313092
(77615.0, 86857.0): -0.029450101102054305
(77615.0, 86856.0): -0.030334320250028208
(77615.0, 86855.0): -0.03150507512793259
(77615.0, 86854.0): -0.03272604379484288
(77615.0, 86853.0): -0.03372439149247869
(77615.0, 86852.0): -0.0350198566563347
(77614.0, 86852.0): -0.03620243758575874
(77614.0, 86851.0): -0.03746110436846768
(77614.0, 86850.0): -0.03885220427231105
(77614.0, 86849.0): -0.039748035971440145
(77614.0, 86848.0): -0.039385445034604324
(77614.0, 86847.0): -0.03967947966029535
(77614.0, 86846.0): -0.04114497891827669
(77614.0, 86845.0): -0.043032195259146276
(77614.0, 86844.0): -0.044358699678793266
(77614.0, 86843.0): -0.04615098305277272
(77614.0, 86842.0): -0.04965245423343876
(77614.0, 86841.0): -0.05151687649865762
(77614.0, 86840.0): -0.053135970026143356
(77614.0, 86839.0): -0.054716751953105915
(77613.0, 86839.0): -0.053832825318104044
(77613.0, 86838.0): -0.054228396782802
(77613.0, 86837.0): -0.05558994483503514
(77613.0, 86836.0): -0.056975621527889715
(77613.0, 86835.0): -0.055157922642881545
(77613.0, 86834.0): -0.05668359793504095
(77612.0, 86833.0): -0.05849946067587386
(77612.0, 86832.0): -0.06051865960556932
(77612.0, 86831.0): -0.06136694162580422
(77612.0, 86830.0): -0.05963379943661486
(77611.0, 86830.0): -0.0629082161927472
(77611.0, 86829.0): -0.06339455270719868
(77611.0, 86828.0): -0.06355564506819021
(77610.0, 86828.0): -0.06401154891467975
(77610.0, 86827.0): -0.06168920487226157
(77610.0, 86826.0): -0.06279270688292211
(77609.0, 86825.0): -0.059062087393256135
(77609.0, 86824.0): -0.06055970752735658
(77608.0, 86824.0): -0.05764480549139264
(77608.0, 86823.0): -0.05728284418105685
(77608.0, 86822.0): -0.056891969928198935
(77607.0, 86822.0): -0.05795808753020404
(77607.0, 86821.0): -0.0545387563530489
(77606.0, 86821.0): -0.053805438975733526
(77606.0, 86820.0): -0.05432424423951606
(77606.0, 86819.0): -0.051717756347804435
(77605.0, 86819.0): -0.05000101369531665
(77605.0, 86818.0): -0.04605505686102464
(77604.0, 86818.0): -0.04363378635667763
(77604.0, 86817.0): -0.04455514927835346
(77603.0, 86817.0): -0.04122266682629347
(77603.0, 86816.0): -0.039411344731991746
(77602.0, 86816.0): -0.037686615769877335
(77601.0, 86816.0): -0.03525302802455792
(77601.0, 86815.0): -0.034594652018836054
(77600.0, 86815.0): -0.03127184559335493
(77599.0, 86815.0): -0.03287389487052064
(77599.0, 86814.0): -0.029402839803974894
(77598.0, 86814.0): -0.029549196944719323
(77597.0, 86814.0): -0.02824870912831402
(77597.0, 86813.0): -0.029004924976087244
(77596.0, 86813.0): -0.026063737650114407
(77595.0, 86813.0): -0.02820754321739776
(77594.0, 86813.0): -0.026861213572317712
(77594.0, 86812.0): -0.026284838546652152
(77593.0, 86812.0): -0.027493985687638917
(77592.0, 86812.0): -0.02693745232658291
(77592.0, 86811.0): -0.026812420605621598
(77591.0, 86811.0): -0.028326466698640373
(77590.0, 86811.0): -0.028154179857236204
(77590.0, 86810.0): -0.02869390468411135
(77589.0, 86810.0): -0.03119257726295679
(77588.0, 86810.0): -0.030229131121224502
(77588.0, 86809.0): -0.03191512395482353
(77587.0, 86809.0): -0.03319702829010671
(77586.0, 86809.0): -0.033732012211165376
(77586.0, 86808.0): -0.034594652018836054
(77585.0, 86808.0): -0.03437518665460701
(77584.0, 86808.0): -0.036936928044241826
(77584.0, 86807.0): -0.038262566620090345
(77583.0, 86807.0): -0.03726454064489681
(77582.0, 86807.0): -0.03993389786591674
(77582.0, 86806.0): -0.038788213889297596
(77581.0, 86806.0): -0.039813544986160375
(77581.0, 86805.0): -0.04102920778065387
(77580.0, 86805.0): -0.04148162291871202
(77580.0, 86804.0): -0.041716201868708884
(77579.0, 86804.0): -0.0436307404050376
(77578.0, 86803.0): -0.043417521780322495
(77577.0, 86803.0): -0.04423382295747707
(77577.0, 86802.0): -0.04566068473617265
(77576.0, 86802.0): -0.04423077716652474
(77576.0, 86801.0): -0.04758216082232253
(77575.0, 86801.0): -0.04553429992239921
(77575.0, 86800.0): -0.04785619406864398
(77574.0, 86800.0): -0.046224069104666886
(77574.0, 86799.0): -0.047321822613261774
(77573.0, 86799.0): -0.047486247494387054
(77573.0, 86798.0): -0.04668693592565021
(77572.0, 86798.0): -0.04526629839777488
(77572.0, 86797.0): -0.04609616819002172
(77571.0, 86797.0): -0.04603983040333506
(77571.0, 86796.0): -0.04525411635539208
(77570.0, 86796.0): -0.0449571749242955
(77570.0, 86795.0): -0.04598806028743472
(77569.0, 86795.0): -0.04303981053201607
(77568.0, 86795.0): -0.043732779343622644
(77568.0, 86794.0): -0.0436292174289138
(77567.0, 86794.0): -0.04151818097827642
(77567.0, 86793.0): -0.041364331729126604
(77566.0, 86793.0): -0.04057525246881181
(77565.0, 86793.0): -0.04121505038672082
(77565.0, 86792.0): -0.03992475718144468
(77564.0, 86792.0): -0.04100788139833993
(77564.0, 86791.0): -0.03956369482111958
(77563.0, 86791.0): -0.04065446735780655
(77562.0, 86791.0): -0.03787555480329478
(77561.0, 86791.0): -0.03956978878651098
(77561.0, 86790.0): -0.03969928485520842
(77560.0, 86790.0): -0.03862518933566515
(77559.0, 86790.0): -0.039175198478892725
(77558.0, 86789.0): -0.03937478043795914
(77557.0, 86789.0): -0.03992018683670537
(77556.0, 86789.0): -0.03972670738133532
(77555.0, 86789.0): -0.040445765495914256
(77555.0, 86788.0): -0.04080223222798445
(77554.0, 86788.0): -0.04167202826088452
(77553.0, 86788.0): -0.039425056315076465
(77552.0, 86788.0): -0.04241381851336166
(77552.0, 86787.0): -0.040675794356124756
(77551.0, 86787.0): -0.040118233575692296
(77550.0, 86787.0): -0.039038079291909625
(77550.0, 86786.0): -0.03730263461530801
(77549.0, 86786.0): -0.03658492613275962
(77549.0, 86785.0): -0.03579098389434424
(77548.0, 86785.0): -0.034740960410852686
(77548.0, 86784.0): -0.03454435816656004
(77547.0, 86784.0): -0.032721471058310844
(77547.0, 86783.0): -0.03076269220574894
(77546.0, 86783.0): -0.030066010424985985
(77546.0, 86782.0): -0.028465209746923664
(77545.0, 86782.0): -0.025589505779376673
(77545.0, 86781.0): -0.025412618906874938
(77545.0, 86780.0): -0.02405084253641956
(77545.0, 86779.0): -0.0207276218775888
(77544.0, 86779.0): -0.02104639145717034
(77544.0, 86778.0): -0.01752750176041597
(77544.0, 86777.0): -0.01740241785172351
(77544.0, 86776.0): -0.014371263955049124
(77544.0, 86775.0): -0.014255320914838826
(77545.0, 86775.0): -0.013079088152631216
(77545.0, 86774.0): -0.01294483354244807
(77545.0, 86773.0): -0.013431504248549098
(77545.0, 86772.0): -0.012011141110856237
(77546.0, 86772.0): -0.011405450241831653
(77546.0, 86771.0): -0.011617519304342896
(77547.0, 86771.0): -0.011577851788795222
(77547.0, 86770.0): -0.011449694951711822
(77547.0, 86769.0): -0.011565646392059538
(77548.0, 86769.0): -0.011780766001344548
(77548.0, 86768.0): -0.011504619356762868
(77548.0, 86767.0): -0.011814330665243417
(77549.0, 86767.0): -0.01167244349625315
(77549.0, 86766.0): -0.011362731169227432
(77549.0, 86765.0): -0.012249143195961825
(77549.0, 86764.0): -0.011936383763544004
(77549.0, 86763.0): -0.012569528421828279
(77549.0, 86762.0): -0.013301827713475657
(77549.0, 86761.0): -0.01384951727614051
(77550.0, 86761.0): -0.014520768883448379
(77550.0, 86760.0): -0.014874696318400455
(77550.0, 86759.0): -0.014311766916696325
(77550.0, 86758.0): -0.013510835553446817
(77550.0, 86757.0): -0.014253795345958617
(77550.0, 86756.0): -0.014265999895141846
(77550.0, 86755.0): -0.014679426464656085
(77550.0, 86754.0): -0.014772484894880858
(77550.0, 86753.0): -0.01508522035820056
(77550.0, 86752.0): -0.015224043451054362
(77550.0, 86751.0): -0.015599320507682635
(77550.0, 86750.0): -0.016447491323913623
(77549.0, 86750.0): -0.016758684818119977
(77549.0, 86749.0): -0.017046993542185633
(77549.0, 86748.0): -0.017303265585734258
(77549.0, 86747.0): -0.017449705735101413
(77549.0, 86746.0): -0.01793325796106299
(77549.0, 86745.0): -0.018085796365917683
(77549.0, 86744.0): -0.01853883043852682
(77549.0, 86743.0): -0.018792038097963093
(77549.0, 86742.0): -0.018810342173101097
(77549.0, 86741.0): -0.01903304074059794
(77549.0, 86740.0): -0.019467755086721196
(77549.0, 86739.0): -0.020036685877165995
(77549.0, 86738.0): -0.02007634277191237
(77549.0, 86737.0): -0.01996957406560853
(77549.0, 86736.0): -0.019452502075381208
(77549.0, 86735.0): -0.018883558347471772
(77549.0, 86734.0): -0.017951562613854066
(77549.0, 86733.0): -0.017132417807181742
(77549.0, 86732.0): -0.016299520747052286
(77549.0, 86731.0): -0.015449820412299016
(77549.0, 86730.0): -0.014337701535640814
(77549.0, 86729.0): -0.013092818711268047
(77549.0, 86728.0): -0.0120889496358645
(77549.0, 86727.0): -0.010987411837312932
(77549.0, 86726.0): -0.009838549727643116
(77549.0, 86725.0): -0.009197738666783275
(77548.0, 86725.0): -0.0082746524486201
(77548.0, 86724.0): -0.007641452826294326
(77548.0, 86723.0): -0.007256952683598716
(77548.0, 86722.0): -0.006521513990095042
(77548.0, 86721.0): -0.00643301672659389
(77548.0, 86720.0): -0.006170575978715592
(77548.0, 86719.0): -0.005981373979936483
(77548.0, 86718.0): -0.005769284134164985
(77548.0, 86717.0): -0.005773861618399518
(77548.0, 86716.0): -0.006011890460672428
(77548.0, 86715.0): -0.00640860367059503
(77548.0, 86714.0): -0.006837356829360341
(77548.0, 86713.0): -0.007234065701555148
(77548.0, 86712.0): -0.0077284227873981445
(77548.0, 86711.0): -0.008245662727467927
(77548.0, 86710.0): -0.008955143908366941
(77548.0, 86709.0): -0.009310644035951405
(77548.0, 86708.0): -0.009515093692937434
(77548.0, 86707.0): -0.010085717577621198
(77548.0, 86706.0): -0.009927042060569444
(77548.0, 86705.0): -0.0101299635450458
(77548.0, 86704.0): -0.010184889518372504
(77548.0, 86703.0): -0.010181838077019093
(77548.0, 86702.0): -0.010662437716259377
(77548.0, 86701.0): -0.010599883751604103
(77548.0, 86700.0): -0.010593780921334665
(77547.0, 86700.0): -0.010470198439215298
(77547.0, 86699.0): -0.010389335654123122
(77547.0, 86698.0): -0.010366449935514327
(77547.0, 86697.0): -0.010273381234881902
(77547.0, 86696.0): -0.009911784772842923
(77547.0, 86695.0): -0.009422023424306878
(77547.0, 86694.0): -0.009026854419678484
(77547.0, 86693.0): -0.008596589984990431
(77547.0, 86692.0): -0.008410446219636648
(77547.0, 86691.0): -0.008067146772557567
(77547.0, 86690.0): -0.007984754619258051
(77547.0, 86689.0): -0.008032053831700126
(77547.0, 86688.0): -0.0077574127485167624
(77547.0, 86687.0): -0.007746732238040132
(77547.0, 86686.0): -0.00731188140943855
(77547.0, 86685.0): -0.0071028468589488586
(77547.0, 86684.0): -0.006877027815486288
(77547.0, 86683.0): -0.006365880804232878
(77547.0, 86682.0): -0.006091233258040463
(77547.0, 86681.0): -0.0057189317916701956
(77547.0, 86680.0): -0.005601442880181436
(77547.0, 86679.0): -0.005288646981067847
(77547.0, 86678.0): -0.005088762226539652
(77546.0, 86678.0): -0.004893454592581686
(77546.0, 86677.0): -0.0049438073782761905
(77546.0, 86676.0): -0.005207777626565435
(77546.0, 86675.0): -0.005383248779599106
(77546.0, 86674.0): -0.005384774614274242
(77546.0, 86673.0): -0.005285595308562324
(77546.0, 86672.0): -0.005346628739892202
(77546.0, 86671.0): -0.005386300448924306
(77546.0, 86670.0): -0.00521998432597558
(77546.0, 86669.0): -0.004992634298041137
(77546.0, 86668.0): -0.004774438819124437
(77546.0, 86667.0): -0.004598966599691693
(77546.0, 86666.0): -0.0041518926466724395
(77546.0, 86665.0): -0.003929117964269788
(77547.0, 86665.0): -0.0035629121697406557
(77547.0, 86664.0): -0.003985574599632614
(77547.0, 86663.0): -0.003884868151458093
(77547.0, 86662.0): -0.004852256840363457
(77548.0, 86662.0): -0.004795800634674247
(77548.0, 86661.0): -0.00567163107987524
(77548.0, 86660.0): -0.006007312989274477
(77549.0, 86660.0): -0.006213298950039678
(77549.0, 86659.0): -0.006620691836357454
(77549.0, 86658.0): -0.006341467727296431
(77550.0, 86658.0): -0.006379613156676833
(77550.0, 86657.0): -0.006716817932302646
(77551.0, 86657.0): -0.006526091431992321
(77552.0, 86657.0): -0.006275857545654839
(77552.0, 86656.0): -0.006219402229809454
(77553.0, 86656.0): -0.0059035569037679805
(77553.0, 86655.0): -0.005876092036236384
(77554.0, 86655.0): -0.005818110620163403
(77555.0, 86655.0): -0.005540409618170246
(77555.0, 86654.0): -0.005491582978819917
(77556.0, 86654.0): -0.005610597865894856
(77557.0, 86654.0): -0.005055193754167749
(77558.0, 86654.0): -0.004980427570322595
(77558.0, 86653.0): -0.00356748974827487
(77559.0, 86653.0): -0.0036254723967028796
(77560.0, 86653.0): -0.0029830844130707378
(77561.0, 86653.0): -0.0023376422262949142
(77562.0, 86653.0): -0.002169796399535398
(77563.0, 86653.0): -0.001654051225941784
(77564.0, 86653.0): -0.0013336173734334131
(77565.0, 86653.0): -0.001373290152316553
(77566.0, 86653.0): -0.0009460446396381031
(77567.0, 86653.0): -0.0007415770124973897
(77567.0, 86652.0): -0.0007324217440328051
(77568.0, 86652.0): -0.0005691527705750979
(77569.0, 86652.0): -0.0007186888411061922
(77570.0, 86652.0): -0.0006240843916331648
(77571.0, 86652.0): -0.0006332396614522913
(77572.0, 86652.0): -0.0008163450335010299
(77573.0, 86652.0): -0.000631713783156434
(77574.0, 86652.0): -0.00037841795068683045
(77575.0, 86652.0): 0.00013580322182139902
(77576.0, 86652.0): 0.000521850538565993
(77577.0, 86652.0): 0.0007629393050953151
(77578.0, 86652.0): 0.001393126540144831
(77579.0, 86652.0): 0.002024838541329365
(77580.0, 86652.0): 0.002377314857362611
(77581.0, 86652.0): 0.0028488082112449885
(77582.0, 86652.0): 0.003643782701686635
(77583.0, 86652.0): 0.003776532338984213
(77584.0, 86652.0): 0.004391451262485282
(77585.0, 86652.0): 0.004946859061454529
(77586.0, 86652.0): 0.004702724120878435
(77587.0, 86652.0): 0.004594389059695204
(77588.0, 86652.0): 0.004229711104124324
(77588.0, 86651.0): 0.003550705292919945
(77589.0, 86651.0): 0.0029724033554361456
(77590.0, 86651.0): 0.0025405829127758874
(77591.0, 86651.0): 0.0017852764236253227
(77592.0, 86651.0): 0.0012466424205963206
(77593.0, 86651.0): 0.0010284420202203751
(77594.0, 86651.0): 0.0007522581588821752
(77595.0, 86651.0): 0.00041809079595175327
(77596.0, 86651.0): 0.000538635201815214
(77597.0, 86651.0): 6.561279287459479e-05
(77598.0, 86651.0): 0.00023956298369837622
(77598.0, 86650.0): 6.713867177412189e-05
(77599.0, 86650.0): 0.00011596679635514798
(77600.0, 86650.0): -0.00015106201056968517
(77600.0, 86649.0): -0.0011611933257499102
(77601.0, 86649.0): -0.0018569924943392575
(77602.0, 86649.0): -0.0032913089161266096
(77602.0, 86648.0): -0.004972798364744569
(77603.0, 86648.0): -0.00654897863737259
(77603.0, 86647.0): -0.007745206450684849
(77603.0, 86646.0): -0.008430281238997804
(77604.0, 86646.0): -0.009214521912243626
(77604.0, 86645.0): -0.01001858568962054
(77604.0, 86644.0): -0.010383232796890603
(77604.0, 86643.0): -0.010966052106438012
(77605.0, 86643.0): -0.011765509327156103
(77605.0, 86642.0): -0.01195621735852168
(77605.0, 86641.0): -0.012488669534262016
(77605.0, 86640.0): -0.013396415348163737
(77605.0, 86639.0): -0.01398681977644101
(77605.0, 86638.0): -0.0146687476121074
(77605.0, 86637.0): -0.015449820412299016
(77605.0, 86636.0): -0.01679987195040851
(77605.0, 86635.0): -0.017556484539177894
(77605.0, 86634.0): -0.01791647868544607
(77605.0, 86633.0): -0.018694416151500245
(77604.0, 86633.0): -0.018041560314851633
(77604.0, 86632.0): -0.01659851209772086
(77604.0, 86631.0): -0.015873910698043926
(77604.0, 86630.0): -0.015285064405419806
(77604.0, 86629.0): -0.015057760776273773
(77604.0, 86628.0): -0.01500894368569042
(77604.0, 86627.0): -0.015445243867837669
(77604.0, 86626.0): -0.014857915359688771
(77604.0, 86625.0): -0.014934192377168146
(77604.0, 86624.0): -0.015651187725115288
(77603.0, 86624.0): -0.015692376337802596
(77603.0, 86623.0): -0.01625223103042156
(77603.0, 86622.0): -0.01675715936768306
(77603.0, 86621.0): -0.016516137223617767
(77602.0, 86620.0): -0.016790719259265677
(77602.0, 86619.0): -0.016212568631377735
(77602.0, 86618.0): -0.015753396406827488
(77601.0, 86618.0): -0.015359814919330849
(77601.0, 86617.0): -0.015217941349374197
(77601.0, 86616.0): -0.014560433347602273
(77600.0, 86616.0): -0.015314049318892265
(77600.0, 86615.0): -0.015349136284976942
(77599.0, 86615.0): -0.016383421677644006
(77599.0, 86614.0): -0.01572746289180101
(77599.0, 86613.0): -0.016700717646746643
(77598.0, 86613.0): -0.015855604759374194
(77598.0, 86612.0): -0.015480330692158243
(77597.0, 86612.0): -0.0163407085053665
(77597.0, 86611.0): -0.015492534796034714
(77596.0, 86611.0): -0.014711463002202836
(77596.0, 86610.0): -0.014993688330200627
(77595.0, 86610.0): -0.014536024451998811
(77595.0, 86609.0): -0.014172940100533904
(77594.0, 86609.0): -0.013954782573352817
(77593.0, 86609.0): -0.013700009515412056
(77593.0, 86608.0): -0.014143954212652016
(77592.0, 86608.0): -0.01358406429934877
(77592.0, 86607.0): -0.01340556897753525
(77591.0, 86607.0): -0.013092818711268047
(77590.0, 86607.0): -0.012987550969266272
(77590.0, 86606.0): -0.011948589053873427
(77589.0, 86606.0): -0.012163706708292527
(77588.0, 86606.0): -0.010895870063212682
(77588.0, 86605.0): -0.01111862139199323
(77587.0, 86605.0): -0.0094433838283197
(77586.0, 86605.0): -0.00973327416546939
(77586.0, 86604.0): -0.00912755412973327
(77585.0, 86604.0): -0.008547765447911802
(77584.0, 86604.0): -0.008550816982675593
(77584.0, 86603.0): -0.007905413924716345
(77583.0, 86603.0): -0.007938981153842496
(77582.0, 86603.0): -0.008128177926670558
(77581.0, 86603.0): -0.008199889455344089
(77581.0, 86602.0): -0.008649991775481302
(77580.0, 86602.0): -0.008860546922890464
(77579.0, 86602.0): -0.008660672127668847
(77578.0, 86602.0): -0.008704919279940751
(77577.0, 86602.0): -0.00881477413094641
(77577.0, 86601.0): -0.008204466784105906
(77576.0, 86601.0): -0.00727831385998052
(77575.0, 86601.0): -0.006838882636917785
(77574.0, 86601.0): -0.005812007310925931
(77573.0, 86601.0): -0.0050185735894983504
(77572.0, 86601.0): -0.004023720960516733
(77571.0, 86601.0): -0.0034545761012700757
(77570.0, 86601.0): -0.002728264715140531
(77569.0, 86601.0): -0.0021621670407972566
(77569.0, 86602.0): -0.0014251699335447287
(77568.0, 86602.0): -0.0008132932777146861
(77567.0, 86602.0): -0.0005783080409989242
(77566.0, 86602.0): -1.8310546872953635e-05
(77565.0, 86602.0): 0.0009490963947104591
(77565.0, 86603.0): 0.0023818924681604714
(77564.0, 86603.0): 0.0035644380292686605
(77563.0, 86603.0): 0.004168677024133942
(77562.0, 86603.0): 0.005090288065920995
(77562.0, 86604.0): 0.006010364636901094
(77561.0, 86604.0): 0.0062087214899085455
(77560.0, 86604.0): 0.006230082968291347
(77560.0, 86605.0): 0.005644166138785889
(77559.0, 86605.0): 0.004829369193116095
(77558.0, 86605.0): 0.0034133778566288256
(77557.0, 86605.0): 0.0022689780398217527
(77557.0, 86606.0): 7.934570295848669e-05
(77556.0, 86606.0): -0.0016189561050915999
(77555.0, 86606.0): -0.0035049294954476503
(77554.0, 86606.0): -0.005358835421392697
(77553.0, 86606.0): -0.007668917037088484
(77553.0, 86607.0): -0.010486981264280373
(77552.0, 86607.0): -0.013222495965288072
(77551.0, 86607.0): -0.013939526752285464
(77550.0, 86607.0): -0.016008153922392285
(77549.0, 86607.0): -0.020202939358847188
(77548.0, 86607.0): -0.02398221758333259
(77547.0, 86607.0): -0.024589159257584474
(77546.0, 86607.0): -0.02822736385311799
(77545.0, 86607.0): -0.03281902247378835
(77544.0, 86607.0): -0.03323360899621615
(77543.0, 86607.0): -0.03674645195079084
(77542.0, 86607.0): -0.039103591975900395
(77542.0, 86606.0): -0.04013346781000664
(77541.0, 86606.0): -0.0431266242894668
(77540.0, 86606.0): -0.042585931577216886
(77539.0, 86606.0): -0.044983062442409585
(77539.0, 86605.0): -0.04413178851386568
(77538.0, 86605.0): -0.04623777268440575
(77537.0, 86605.0): -0.045506890975391505
(77537.0, 86604.0): -0.04608703235260388
(77536.0, 86604.0): -0.045648503130877253
(77536.0, 86603.0): -0.04429321571683358
(77535.0, 86603.0): -0.04735074939858948
(77535.0, 86602.0): -0.046316948582468626
(77534.0, 86602.0): -0.045280003179385096
(77534.0, 86601.0): -0.045110976351558134
(77533.0, 86601.0): -0.04528609418797095
(77533.0, 86600.0): -0.04429626149093934
(77532.0, 86600.0): -0.04326369731848719
(77532.0, 86599.0): -0.044494235041221804
(77531.0, 86599.0): -0.04167812118198692
(77531.0, 86598.0): -0.04103530102588563
(77531.0, 86597.0): -0.04114040902584985
(77530.0, 86597.0): -0.038737935508230015
(77530.0, 86596.0): -0.03859319362111623
(77530.0, 86595.0): -0.035751361785599
(77529.0, 86595.0): -0.0364112075556121
(77529.0, 86594.0): -0.03378535713217728
(77529.0, 86593.0): -0.03397434901659079
(77528.0, 86593.0): -0.03216968419080685
(77528.0, 86592.0): -0.03178250710070838
(77528.0, 86591.0): -0.03180384781952099
(77528.0, 86590.0): -0.029576638767826038
(77528.0, 86589.0): -0.030377005502201335
(77527.0, 86589.0): -0.029547672397685503
(77527.0, 86588.0): -0.028102341010924174
(77527.0, 86587.0): -0.028995777400262938
(77527.0, 86586.0): -0.028608525590812818
(77527.0, 86585.0): -0.027352185640350933
(77527.0, 86584.0): -0.02742842236202736
(77527.0, 86583.0): -0.02715396867784451
(77527.0, 86582.0): -0.02677582579678472
(77527.0, 86581.0): -0.02691763028056943
(77527.0, 86580.0): -0.027178364727182092
(77527.0, 86579.0): -0.028553638810447514
(77527.0, 86578.0): -0.029346430985903532
(77527.0, 86577.0): -0.03033127129921142
(77527.0, 86576.0): -0.03118343089188992
(77527.0, 86575.0): -0.030264194238625246
(77527.0, 86574.0): -0.03074744784503366
(77526.0, 86574.0): -0.03111178413808796
(77526.0, 86573.0): -0.031729155177023766
(77526.0, 86572.0): -0.03214681966894335
(77526.0, 86571.0): -0.032517220766588
(77526.0, 86570.0): -0.0316864735079642
(77526.0, 86569.0): -0.03126422365557577
(77526.0, 86568.0): -0.03201877772582134
(77526.0, 86567.0): -0.033004978127146346
(77525.0, 86567.0): -0.03418772403189503
(77525.0, 86566.0): -0.03389814290294555
(77525.0, 86565.0): -0.03489641144690533
(77525.0, 86564.0): -0.03649501942498647
(77525.0, 86563.0): -0.037631761997294164
(77525.0, 86562.0): -0.03764395174412665
(77524.0, 86562.0): -0.03688054739934221
(77524.0, 86561.0): -0.03762109595963738
(77524.0, 86560.0): -0.038108677461379574
(77524.0, 86559.0): -0.03623291515086119
(77524.0, 86558.0): -0.03887048718043848
(77523.0, 86558.0): -0.03991409304112407
(77523.0, 86557.0): -0.03843321386381883
(77523.0, 86556.0): -0.03972366043693922
(77523.0, 86555.0): -0.03873336473659438
(77522.0, 86555.0): -0.03896799558439165
(77522.0, 86554.0): -0.039949132325199053
(77522.0, 86553.0): -0.04020202163366829
(77521.0, 86553.0): -0.039979601188096625
(77521.0, 86552.0): -0.038329606875144355
(77521.0, 86551.0): -0.03802335200064146
(77520.0, 86551.0): -0.03760890619182905
(77520.0, 86550.0): -0.03872422318846559
(77520.0, 86549.0): -0.03660168833491084
(77519.0, 86549.0): -0.03606071602505945
(77519.0, 86548.0): -0.03531703518135482
(77518.0, 86548.0): -0.036728166105261875
(77518.0, 86547.0): -0.03536732631577052
(77517.0, 86547.0): -0.03484307059488866
(77517.0, 86546.0): -0.03565382996280992
(77516.0, 86546.0): -0.035301795408356484
(77516.0, 86545.0): -0.03371067418896838
(77515.0, 86545.0): -0.036318251974711106
(77515.0, 86544.0): -0.033453091360971715
(77514.0, 86544.0): -0.03647520939301868
(77514.0, 86543.0): -0.03488269524677706
(77513.0, 86543.0): -0.035134156824225146
(77513.0, 86542.0): -0.03514177680279678
(77512.0, 86542.0): -0.03449406413945592
(77512.0, 86541.0): -0.03627405975691857
(77511.0, 86541.0): -0.03395605958528417
(77511.0, 86540.0): -0.033046131939012055
(77510.0, 86540.0): -0.03134806477109828
(77510.0, 86539.0): -0.03138312547056748
(77510.0, 86538.0): -0.029864775212345422
(77509.0, 86538.0): -0.029928804861409683
(77509.0, 86537.0): -0.029076580818603263
(77508.0, 86537.0): -0.029219891606879902
(77508.0, 86536.0): -0.028777758743446326
(77508.0, 86535.0): -0.028068798147494186
(77507.0, 86535.0): -0.027144820151006204
(77507.0, 86534.0): -0.027946823566637028
(77507.0, 86533.0): -0.02500699302181978
(77507.0, 86532.0): -0.026634020235890406
(77507.0, 86531.0): -0.024737079499356385
(77507.0, 86530.0): -0.02444733780890571
(77507.0, 86529.0): -0.02395476753880211
(77507.0, 86528.0): -0.023562837984879056
(77507.0, 86527.0): -0.02232752682492023
(77508.0, 86527.0): -0.020825235979279506
(77508.0, 86526.0): -0.021574105824708478
(77509.0, 86526.0): -0.021754075043264175
(77509.0, 86525.0): -0.021926417126549975
(77510.0, 86524.0): -0.021955394871304847
(77511.0, 86524.0): -0.02111044990162335
(77511.0, 86523.0): -0.020038211143514856
(77512.0, 86523.0): -0.018738651140256274
(77512.0, 86522.0): -0.017114112628548638
(77513.0, 86522.0): -0.01499826493758072
(77514.0, 86522.0): -0.014622981063318047
(77514.0, 86521.0): -0.012780065883544927
(77515.0, 86521.0): -0.011031656962208718
(77516.0, 86521.0): -0.01072346589404435
(77517.0, 86521.0): -0.008744589111624219
(77517.0, 86520.0): -0.006617640212250765
(77518.0, 86520.0): -0.006185834185353902
(77519.0, 86520.0): -0.004725611795822163
(77520.0, 86520.0): -0.0035995327938173867
(77521.0, 86520.0): -0.0032241709568082712
(77522.0, 86520.0): -0.002021786796010119
(77522.0, 86519.0): -0.0011932367383714873
(77523.0, 86519.0): -0.0006423949311652629
(77524.0, 86519.0): 0.00030822752930152866
(77525.0, 86519.0): 0.001329039744828233
(77526.0, 86519.0): 0.001625059604658798
(77527.0, 86519.0): 0.0019119239398783796
(77528.0, 86519.0): 0.002325435261403258
(77529.0, 86519.0): 0.002481074010610842
(77530.0, 86519.0): 0.0024078322607905002
(77531.0, 86519.0): 0.0028747479402081127
(77532.0, 86519.0): 0.003253162351933231
(77533.0, 86519.0): 0.003755170337248529
(77534.0, 86519.0): 0.004243443767795482
(77535.0, 86519.0): 0.00486141189784031
(77536.0, 86519.0): 0.005515996301782704
(77537.0, 86519.0): 0.006285012457977664
(77538.0, 86519.0): 0.007281365456064718
(77539.0, 86519.0): 0.008231930749450143
(77540.0, 86519.0): 0.009226727905682021
(77541.0, 86519.0): 0.010442735621844773
(77542.0, 86519.0): 0.011492413939405333
(77543.0, 86519.0): 0.011750252647490179
(77544.0, 86519.0): 0.012386451461674398
(77545.0, 86519.0): 0.013648139332523247
(77546.0, 86519.0): 0.014703835257904672
(77547.0, 86519.0): 0.01583272232109346
(77548.0, 86519.0): 0.017147672113938445
(77549.0, 86519.0): 0.018389345280438087
(77550.0, 86519.0): 0.019591304144063165
(77551.0, 86519.0): 0.020553745781554618
(77552.0, 86519.0): 0.021708320290340265
(77552.0, 86520.0): 0.022367179866986744
(77553.0, 86520.0): 0.022081981428485116
(77554.0, 86520.0): 0.02303974564791294
(77555.0, 86520.0): 0.02409659237931056
(77556.0, 86520.0): 0.0248118016845024
(77557.0, 86520.0): 0.025464465224437176
(77558.0, 86520.0): 0.026034765619157567
(77559.0, 86520.0): 0.026373278186745744
(77560.0, 86520.0): 0.026637069829138386
(77561.0, 86520.0): 0.02703198794678169
(77561.0, 86521.0): 0.027321690862583983
(77562.0, 86521.0): 0.027294245519134747
(77563.0, 86521.0): 0.027440620207923837
(77564.0, 86521.0): 0.02740250191239462
(77565.0, 86521.0): 0.0274146997756354
(77566.0, 86521.0): 0.02748636205726262
(77567.0, 86521.0): 0.027199711243808756
(77568.0, 86521.0): 0.027132622108152187
(77569.0, 86521.0): 0.027137196375169075
(77570.0, 86521.0): 0
(77570.0, 86522.0): 0
(77571.0, 86522.0): 0
(77572.0, 86522.0): 0
(77573.0, 86522.0): 0
(77574.0, 86522.0): 0
(77575.0, 86522.0): 0
(77576.0, 86522.0): 0
(77577.0, 86522.0): 0
(77578.0, 86522.0): 0
